4 0.50156 0.49306 0.10417 0.15278
1 0.5013020833333334 0.49189814814814814 0.10416666666666667 0.15046296296296297
0 0.4837239583333333 0.5115740740740741 0.05078125 0.1111111111111111
1 0.5013020833333334 0.49189814814814814 0.10416666666666667 0.15046296296296297
0 0.4837239583333333 0.5115740740740741 0.05078125 0.1111111111111111
1 0.5013020833333334 0.49189814814814814 0.10416666666666667 0.15046296296296297
0 0.4837239583333333 0.5115740740740741 0.05078125 0.1111111111111111
1 0.5013020833333334 0.49189814814814814 0.10416666666666667 0.15046296296296297
0 0.4837239583333333 0.5115740740740741 0.05078125 0.1111111111111111
1 0.5013020833333334 0.49189814814814814 0.10416666666666667 0.15046296296296297
0 0.4837239583333333 0.5115740740740741 0.05078125 0.1111111111111111
1 0.5013020833333334 0.49189814814814814 0.10416666666666667 0.15046296296296297
0 0.4837239583333333 0.5115740740740741 0.05078125 0.1111111111111111
1 0.5013020833333334 0.49189814814814814 0.10416666666666667 0.15046296296296297
0 0.4837239583333333 0.5115740740740741 0.05078125 0.1111111111111111
1 0.5013020833333334 0.49189814814814814 0.10416666666666667 0.15046296296296297
0 0.4837239583333333 0.5115740740740741 0.05078125 0.1111111111111111
1 0.5013020833333334 0.49189814814814814 0.10416666666666667 0.15046296296296297
0 0.4837239583333333 0.5115740740740741 0.05078125 0.1111111111111111
1 0.5013020833333334 0.49189814814814814 0.10416666666666667 0.15046296296296297
0 0.4837239583333333 0.5115740740740741 0.05078125 0.1111111111111111
1 0.5013020833333334 0.49189814814814814 0.10416666666666667 0.15046296296296297
0 0.4837239583333333 0.5115740740740741 0.05078125 0.1111111111111111
1 0.5013020833333334 0.49189814814814814 0.10416666666666667 0.15046296296296297
0 0.4837239583333333 0.5115740740740741 0.05078125 0.1111111111111111
1 0.5013020833333334 0.49189814814814814 0.10416666666666667 0.15046296296296297
0 0.4837239583333333 0.5115740740740741 0.05078125 0.1111111111111111
1 0.5013020833333334 0.49189814814814814 0.10416666666666667 0.15046296296296297
0 0.4837239583333333 0.5115740740740741 0.05078125 0.1111111111111111
1 0.5013020833333334 0.49189814814814814 0.10416666666666667 0.15046296296296297
0 0.4837239583333333 0.5115740740740741 0.05078125 0.1111111111111111
1 0.5013020833333334 0.49189814814814814 0.10416666666666667 0.15046296296296297
0 0.4837239583333333 0.5115740740740741 0.05078125 0.1111111111111111
1 0.5013020833333334 0.49189814814814814 0.10416666666666667 0.15046296296296297
0 0.4837239583333333 0.5115740740740741 0.05078125 0.1111111111111111
1 0.5013020833333334 0.49189814814814814 0.10416666666666667 0.15046296296296297
0 0.4837239583333333 0.5115740740740741 0.05078125 0.1111111111111111
1 0.5013020833333334 0.49189814814814814 0.10416666666666667 0.15046296296296297
0 0.4837239583333333 0.5115740740740741 0.05078125 0.1111111111111111
1 0.5013020833333334 0.49189814814814814 0.10416666666666667 0.15046296296296297
0 0.4837239583333333 0.5115740740740741 0.05078125 0.1111111111111111
1 0.5013020833333334 0.49189814814814814 0.10416666666666667 0.15046296296296297
0 0.4837239583333333 0.5115740740740741 0.05078125 0.1111111111111111
1 0.5013020833333334 0.49189814814814814 0.10416666666666667 0.15046296296296297
0 0.4837239583333333 0.5115740740740741 0.05078125 0.1111111111111111
1 0.5013020833333334 0.49189814814814814 0.10416666666666667 0.15046296296296297
0 0.4837239583333333 0.5115740740740741 0.05078125 0.1111111111111111
1 0.5013020833333334 0.49189814814814814 0.10416666666666667 0.15046296296296297
0 0.4837239583333333 0.5115740740740741 0.05078125 0.1111111111111111
1 0.5013020833333334 0.49189814814814814 0.10416666666666667 0.15046296296296297
0 0.4837239583333333 0.5115740740740741 0.05078125 0.1111111111111111
1 0.5013020833333334 0.49189814814814814 0.10416666666666667 0.15046296296296297
0 0.4837239583333333 0.5115740740740741 0.05078125 0.1111111111111111
1 0.5013020833333334 0.49189814814814814 0.10416666666666667 0.15046296296296297
0 0.4837239583333333 0.5115740740740741 0.05078125 0.1111111111111111